0 0.5949519230769231 0.3137019230769231 0.05048076923076923 0.08052884615384616
0 0.5 0.4483173076923077 0.046875 0.078125
0 0.25600961538461536 0.6117788461538461 0.04807692307692308 0.07572115384615384
3 0.3473557692307692 0.8161057692307693 0.057692307692307696 0.07091346153846154
3 0.4074519230769231 0.4855769230769231 0.04447115384615385 0.05889423076923077
2 0.47475961538461536 0.5552884615384616 0.11538461538461539 0.13942307692307693
2 0.6262019230769231 0.9086538461538461 0.11778846153846154 0.13822115384615385
3 0.9290865384615384 0.78125 0.04807692307692308 0.0625
1 0.5949519230769231 0.6165865384615384 0.10216346153846154 0.11899038461538461
1 0.9026442307692307 0.4519230769230769 0.11177884615384616 0.12259615384615384
4 0.25841346153846156 0.28966346153846156 0.19471153846153846 0.5216346153846154
4 0.13581730769230768 0.5625 0.1935096153846154 0.5264423076923077
1 0.8377403846153846 0.29927884615384615 0.10576923076923077 0.10216346153846154