2 0.5060096153846154 0.3125 0.1201923076923077 0.15144230769230768
3 0.22716346153846154 0.21153846153846154 0.055288461538461536 0.0673076923076923
2 0.5961538461538461 0.7716346153846154 0.11538461538461539 0.14543269230769232
0 0.6574519230769231 0.8557692307692307 0.04807692307692308 0.07692307692307693
4 0.7487980769230769 0.39302884615384615 0.19230769230769232 0.5240384615384616
0 0.9014423076923077 0.41947115384615385 0.046875 0.078125
6 0.1622596153846154 0.5444711538461539 0.18028846153846154 0.2548076923076923
6 0.078125 0.4735576923076923 0.15625 0.25961538461538464
2 0.8461538461538461 0.33653846153846156 0.11538461538461539 0.15985576923076922
3 0.8088942307692307 0.18509615384615385 0.054086538461538464 0.0733173076923077
5 0.49759615384615385 0.5072115384615384 0.06610576923076923 0.17908653846153846