5 0.4963942307692308 0.5084134615384616 0.0673076923076923 0.19110576923076922
6 0.4014423076923077 0.44591346153846156 0.18389423076923078 0.25841346153846156
6 0.5336538461538461 0.38822115384615385 0.19471153846153846 0.27163461538461536
2 0.44350961538461536 0.296875 0.11778846153846154 0.14302884615384615
6 0.34615384615384615 0.21514423076923078 0.19230769230769232 0.25
1 0.41586538461538464 0.17307692307692307 0.09615384615384616 0.1310096153846154
1 0.25600961538461536 0.20552884615384615 0.10216346153846154 0.1310096153846154
1 0.6262019230769231 0.5324519230769231 0.11177884615384616 0.125
1 0.625 0.5300480769230769 0.11177884615384616 0.125
6 0.7139423076923077 0.38822115384615385 0.1875 0.27163461538461536
4 0.8088942307692307 0.5600961538461539 0.19831730769230768 0.5324519230769231
4 0.13701923076923078 0.6141826923076923 0.19951923076923078 0.5240384615384616
4 0.11298076923076923 0.4014423076923077 0.21033653846153846 0.4699519230769231
4 0.40625 0.7728365384615384 0.18389423076923078 0.453125