5 0.5 0.5120192307692307 0.06610576923076923 0.171875
6 0.4110576923076923 0.65625 0.1875 0.25240384615384615
6 0.34615384615384615 0.7764423076923077 0.1971153846153846 0.2668269230769231
8 0.6225961538461539 0.33413461538461536 0.265625 0.4326923076923077
1 0.7728365384615384 0.44591346153846156 0.10096153846153846 0.13221153846153846
1 0.9375 0.4182692307692308 0.09975961538461539 0.1310096153846154
4 0.6286057692307693 0.6454326923076923 0.20673076923076922 0.48197115384615385
6 0.8653846153846154 0.4675480769230769 0.18870192307692307 0.27403846153846156
6 0.9158653846153846 0.7055288461538461 0.16706730769230768 0.24278846153846154
2 0.9026442307692307 0.5913461538461539 0.1201923076923077 0.14302884615384615
2 0.9507211538461539 0.5480769230769231 0.09615384615384616 0.15625
2 0.9459134615384616 0.27524038461538464 0.10336538461538461 0.14182692307692307
6 0.7752403846153846 0.21754807692307693 0.18509615384615385 0.234375