3 0.5612980769230769 0.40625 0.054086538461538464 0.06850961538461539
2 0.8401442307692307 0.5036057692307693 0.1141826923076923 0.14543269230769232
4 0.13581730769230768 0.4014423076923077 0.19230769230769232 0.5252403846153846
4 0.35096153846153844 0.20192307692307693 0.19230769230769232 0.4014423076923077
6 0.2776442307692308 0.4495192307692308 0.16826923076923078 0.2644230769230769
6 0.3737980769230769 0.5168269230769231 0.1814903846153846 0.24519230769230768
6 0.4014423076923077 0.6598557692307693 0.18028846153846154 0.24879807692307693
6 0.49759615384615385 0.7319711538461539 0.18990384615384615 0.23677884615384615
6 0.43509615384615385 0.8353365384615384 0.18389423076923078 0.23076923076923078
1 0.8100961538461539 0.21394230769230768 0.1045673076923077 0.12860576923076922
0 0.4735576923076923 0.20552884615384615 0.051682692307692304 0.07451923076923077
0 0.9591346153846154 0.5829326923076923 0.04567307692307692 0.078125
5 0.5012019230769231 0.5108173076923077 0.06129807692307692 0.17908653846153846