6 0.4050480769230769 0.22115384615384615 0.18990384615384615 0.2439903846153846
2 0.44350961538461536 0.35216346153846156 0.11778846153846154 0.13822115384615385
2 0.5 0.29927884615384615 0.11177884615384616 0.13581730769230768
6 0.4699519230769231 0.46153846153846156 0.20192307692307693 0.23677884615384615
5 0.5024038461538461 0.5144230769230769 0.07211538461538461 0.17548076923076922
8 0.6838942307692307 0.390625 0.2608173076923077 0.42908653846153844
4 0.171875 0.40384615384615385 0.21634615384615385 0.49158653846153844
4 0.1971153846153846 0.6129807692307693 0.19230769230769232 0.5300480769230769
2 0.10697115384615384 0.7091346153846154 0.14302884615384615 0.16826923076923078
1 0.31490384615384615 0.19831730769230768 0.09375 0.12259615384615384
1 0.48197115384615385 0.1814903846153846 0.09014423076923077 0.12259615384615384
4 0.8713942307692307 0.5564903846153846 0.19951923076923078 0.5168269230769231