0 0.07091346153846154 0.5552884615384616 0.04927884615384615 0.06971153846153846
0 0.10216346153846154 0.5841346153846154 0.05048076923076923 0.07572115384615384
0 0.16466346153846154 0.6370192307692307 0.04447115384615385 0.0733173076923077
0 0.1971153846153846 0.6670673076923077 0.055288461538461536 0.07451923076923077
0 0.22716346153846154 0.6382211538461539 0.052884615384615384 0.07091346153846154
0 0.25721153846153844 0.5576923076923077 0.052884615384615384 0.07451923076923077
0 0.31850961538461536 0.44471153846153844 0.052884615384615384 0.07091346153846154
0 0.4098557692307692 0.5264423076923077 0.055288461538461536 0.078125
5 0.5 0.5096153846153846 0.0625 0.1778846153846154
8 0.3473557692307692 0.7415865384615384 0.27403846153846156 0.41466346153846156
1 0.625 0.6935096153846154 0.1141826923076923 0.11658653846153846