1 0.3641826923076923 0.38341346153846156 0.09975961538461539 0.13341346153846154
0 0.6105769230769231 0.35216346153846156 0.04927884615384615 0.078125
0 0.7007211538461539 0.21875 0.04927884615384615 0.07451923076923077
0 0.45552884615384615 0.7223557692307693 0.05889423076923077 0.08653846153846154
0 0.5168269230769231 0.3894230769230769 0.054086538461538464 0.07211538461538461
2 0.5805288461538461 0.45913461538461536 0.1201923076923077 0.15625
1 0.7055288461538461 0.5216346153846154 0.109375 0.11658653846153846
4 0.24278846153846154 0.46274038461538464 0.21033653846153846 0.5180288461538461
4 0.12139423076923077 0.3545673076923077 0.18629807692307693 0.5144230769230769
6 0.17548076923076922 0.7512019230769231 0.17548076923076922 0.25841346153846156
6 0.27283653846153844 0.8269230769230769 0.19230769230769232 0.2403846153846154
5 0.40865384615384615 0.43149038461538464 0.0625 0.17548076923076922