5 0.5 0.5108173076923077 0.06610576923076923 0.18389423076923078
1 0.20072115384615385 0.6442307692307693 0.11538461538461539 0.125
4 0.3786057692307692 0.6694711538461539 0.19951923076923078 0.5216346153846154
6 0.28365384615384615 0.4987980769230769 0.18509615384615385 0.2608173076923077
6 0.10817307692307693 0.4987980769230769 0.1778846153846154 0.26322115384615385
2 0.5348557692307693 0.8810096153846154 0.12259615384615384 0.1502403846153846
4 0.6550480769230769 0.4795673076923077 0.19471153846153846 0.5360576923076923
2 0.7475961538461539 0.7403846153846154 0.12620192307692307 0.14302884615384615
1 0.8149038461538461 0.5372596153846154 0.12139423076923077 0.13822115384615385
8 0.4110576923076923 0.32211538461538464 0.265625 0.4495192307692308
6 0.27884615384615385 0.8990384615384616 0.19951923076923078 0.20072115384615385
3 0.9579326923076923 0.5444711538461539 0.055288461538461536 0.0733173076923077