0 0.07091346153846154 0.390625 0.04927884615384615 0.07451923076923077
0 0.10336538461538461 0.41586538461538464 0.04807692307692308 0.07091346153846154
0 0.16346153846153846 0.4735576923076923 0.046875 0.07451923076923077
0 0.1935096153846154 0.4987980769230769 0.04807692307692308 0.07091346153846154
0 0.2247596153846154 0.4699519230769231 0.054086538461538464 0.06971153846153846
0 0.25721153846153844 0.39302884615384615 0.04927884615384615 0.07091346153846154
0 0.3173076923076923 0.2848557692307692 0.05048076923076923 0.07451923076923077
0 0.4098557692307692 0.36538461538461536 0.05048076923076923 0.07211538461538461
8 0.3449519230769231 0.5793269230769231 0.26802884615384615 0.4362980769230769
5 0.5024038461538461 0.5048076923076923 0.06971153846153846 0.17668269230769232
8 0.6237980769230769 0.3858173076923077 0.2668269230769231 0.4254807692307692