5 0.5012019230769231 0.5060096153846154 0.07932692307692307 0.17548076923076922
3 0.13221153846153846 0.4050480769230769 0.0625 0.08413461538461539
3 0.12980769230769232 0.2403846153846154 0.05889423076923077 0.0673076923076923
0 0.22596153846153846 0.203125 0.051682692307692304 0.07091346153846154
0 0.4987980769230769 0.7716346153846154 0.055288461538461536 0.07692307692307693
0 0.5324519230769231 0.8004807692307693 0.05048076923076923 0.07211538461538461
0 0.5925480769230769 0.8533653846153846 0.046875 0.07211538461538461
0 0.6213942307692307 0.8810096153846154 0.04927884615384615 0.07451923076923077
0 0.6538461538461539 0.8485576923076923 0.046875 0.06610576923076923
0 0.6850961538461539 0.7764423076923077 0.04927884615384615 0.07091346153846154
0 0.7475961538461539 0.6634615384615384 0.055288461538461536 0.07572115384615384
0 0.8389423076923077 0.7439903846153846 0.05048076923076923 0.07211538461538461