0 0.3473557692307692 0.09615384615384616 0.04326923076923077 0.07091346153846154
1 0.3485576923076923 0.40024038461538464 0.10336538461538461 0.11538461538461539
2 0.38100961538461536 0.6923076923076923 0.11778846153846154 0.15384615384615385
3 0.10336538461538461 0.5973557692307693 0.054086538461538464 0.07091346153846154
3 0.6838942307692307 0.5709134615384616 0.055288461538461536 0.0673076923076923
3 0.15865384615384615 0.2668269230769231 0.055288461538461536 0.0625
2 0.2283653846153846 0.3389423076923077 0.1141826923076923 0.13942307692307693
0 0.2548076923076923 0.23076923076923078 0.04807692307692308 0.07211538461538461
0 0.5024038461538461 0.7776442307692307 0.05048076923076923 0.078125
0 0.7752403846153846 0.8028846153846154 0.046875 0.07692307692307693
1 0.6586538461538461 0.23677884615384615 0.109375 0.1201923076923077
4 0.6262019230769231 0.7584134615384616 0.19110576923076922 0.4807692307692308
5 0.4963942307692308 0.5072115384615384 0.055288461538461536 0.17067307692307693